Waiting for GPS Fix...,-90
Waiting for GPS Fix...,-89
Waiting for GPS Fix...,-88
0.5, 0.1, 10.0, 0.0, 0.0, 0.02, 0.01, 1.0, 101325, 25.0, 1, 7, 36.9, -122.0, 100.0, 0.0, 4.1, -80
5.0, 0.2, 10.0, 10.0, 15.0, 0.50, 0.10, 2.5, 101200, 25.0, 1, 7, 36.9, -122.0, 110.0, 1.0, 4.0, -75
15.0, 0.5, 12.0, 50.0, 45.0, 1.20, 0.20, 3.5, 100900, 24.9, 1, 8, 36.9, -122.0, 150.0, 5.0, 4.0, -70
45.0, 1.0, 15.0, 150.0, 90.0, 2.50, 0.50, 5.0, 100000, 24.8, 1, 8, 36.9, -122.0, 250.0, 15.0, 3.9, -65
80.0, 2.0, 20.0, 300.0, 120.0, 0.10, 0.10, 0.0, 98000, 24.5, 1, 9, 36.9, -122.0, 400.0, 25.0, 3.9, -60
-10.0, 5.0, 90.0, 320.0, -5.0, 0.80, 0.20, 1.0, 97800, 24.2, 1, 9, 36.9, -122.0, 420.0, 10.0, 3.8, -55
0.5, 0.1, 45.0, 0.0, 0.0, 0.02, 0.01, 1.0, 101325, 25.0, 1, 7, 36.9, -122.0, 100.0, 0.0, 3.8, -50
